IGPR              : 2.5 GHz

Chainage           Bel   Accuracy
 148305          0.110      101
 148310          0.120        1
 148315          0.117        1
 148320          0.119        1
 148325          0.120        1
 148330          0.149        1
 148335          0.166        1
 148340          0.165        1
 148345          0.146        1
 148350          0.142        1
 148355          0.142        1
 148360          0.125        1
 148365          0.125        1
 148370          0.132        1
 148375          0.132        1
 148380          0.122        1
 148385          0.128        1
 148390          0.128        1
 148395          0.126        1
 148400          0.129        1
 148405          0.125        1
 148410          0.120        1
 148415          0.123        1
 148420          0.140        1
 148425          0.128        1
 148430          0.134        1
 148435          0.145        1
 148440          0.129        1
 148445          0.129        1
 148450          0.125        1
 148455          0.129        1
 148460          0.142        1
 148465          0.142        1
 148470          0.142        1
 148475          0.139        1
 148480          0.137        1
 148485          0.116        1
 148490          0.129        1
 148495          0.132        1
 148500          0.142        1
 148505          0.153        1
 148510          0.145        1
 148515          0.143        1
 148520          0.148        1
 148525          0.154        1
 148530          0.143        1
 148535          0.160        1
 148540          0.173        1
 148545          0.163        1
 148550          0.160        1
 148555          0.162        1
 148560          0.174        1
 148565          0.188        1
 148570          0.165        1
 148575          0.159        1
 148580          0.163        1
 148585          0.166        1
 148590          0.173        1
 148595          0.165        1
 148600          0.173        1
 148605          0.166        1
 148610          0.166        1
 148615          0.160        1
 148620          0.169        1
 148625          0.157        1
 148630          0.156        1
 148635          0.156        1
 148640          0.180        1
 148645          0.186        1
 148650          0.180        1
 148655          0.168        1
 148660          0.157        1
 148665          0.157        1
 148670          0.157        1
 148675          0.151        1
 148680          0.143        1
 148685          0.153        1
 148690          0.156        1
 148695          0.148        1
 148700          0.151        1
 148705          0.148        1
 148710          0.151        1
 148715          0.149        1
 148720          0.148        1
 148725          0.157        1
 148730          0.151        1
 148735          0.137        1
 148740          0.132        1
 148745          0.137        1
 148750          0.143        1
 148755          0.153        1
 148760          0.156        1
 148765          0.169        1
 148770          0.169        1
 148775          0.169        1
 148780          0.165        1
 148785          0.179        1
 148790          0.168        1
 148795          0.169        1
 148800          0.169        1
 148805          0.176        1
 148810          0.177        1
 148815          0.177        1
 148820          0.183        1
 148825          0.185        1
 148830          0.182        1
 148835          0.188        1
 148840          0.182        1
 148845          0.180        1
 148850          0.179        1
 148855          0.190        1
 148860          0.182        1
 148865          0.179        1
 148870          0.179        1
 148875          0.177        1
 148880          0.169        1
 148885          0.157        1
 148890          0.160        1
 148895          0.180        1
 148900          0.171        1
 148905          0.162        1
 148910          0.156        1
 148915          0.162        1
 148920          0.137        1
 148925          0.140        1
 148930          0.137        1
 148935          0.140        1
 148940          0.136        1
 148945          0.123        1
 148950          0.129        1
 148955          0.131        1
 148960          0.123        1
 148965          0.126        1
 148970          0.122        1
 148975          0.114        1
 148980          0.102        1
 148985          0.096        1
 148990          0.106        1
 148995          0.112        1
 149000          0.100        1
 149005          0.094        1
 149010          0.100        1
 149015          0.108        1
 149020          0.120        1
 149025          0.117        1
 149030          0.116        1
 149035          0.122        1
 149040          0.103        1
 149045          0.103        1
 149050          0.105        1
 149055          0.114        1
 149060          0.119        1
 149065          0.129        1
 149070          0.142        1
 149075          0.123        1
 149080          0.125        1
 149085          0.114        1
 149090          0.126        1
 149095          0.136        1
 149100          0.128        1
 149105          0.117        1
 149110          0.119        1
 149115          0.116        1
 149120          0.114        1
 149125          0.114        1
 149130          0.120        1
 149135          0.116        1
 149140          0.117        1
 149145          0.119        1
 149150          0.119        1
 149155          0.117        1
 149160          0.116        1
 149165          0.126        1
 149170          0.125        1
 149175          0.137        1
 149180          0.143        1
 149185          0.131        1
 149190          0.137        1
 149195          0.137        1
 149200          0.136        1
 149205          0.132        1
 149210          0.132        1
 149215          0.142        1
 149220          0.132        1
 149225          0.126        1
 149230          0.126        1
 149235          0.134        1
 149240          0.137        1
 149245          0.134        1
 149250          0.128        1
 149255          0.125        1
 149260          0.125        1
 149265          0.123        1
 149270          0.120        1
 149275          0.120        1
 149280          0.122        1
 149285          0.120        1
 149290          0.120        1
 149295          0.120        1
 149300          0.126        1
 149305          0.129        1
 149310          0.139        1
 149315          0.139        1
 149320          0.131        1
 149325          0.117        1
 149330          0.120        1
 149335          0.125        1
 149340          0.126        1
 149345          0.132        1
 149350          0.126        1
 149355          0.120        1
 149360          0.129        1
 149365          0.126        1
 149370          0.139        1
 149375          0.122        1
 149380          0.119        1
 149385          0.125        1
 149390          0.126        1
 149395          0.129        1
 149400          0.120        1
 149405          0.126        1
 149410          0.132        1
 149415          0.125        1
 149420          0.120        1
 149425          0.119        1
 149430          0.120        1
 149435          0.126        1
 149440          0.126        1
 149445          0.126        1
 149450          0.120        1
 149455          0.112        1
 149460          0.108        1
 149465          0.117        1
 149470          0.120        1
 149475          0.120        1
 149480          0.116        1
 149485          0.120        1
 149490          0.122        1
 149495          0.122        1
 149500          0.109        1
 149505          0.119        1
 149510          0.123        1
 149515          0.125        1
 149520          0.125        1
 149525          0.119        1
 149530          0.122        1
 149535          0.125        1
 149540          0.123        1
 149545          0.123        1
 149550          0.123        1
 149555          0.123        1
 149560          0.129        1
 149565          0.129        1
 149570          0.120        1
 149575          0.122        1
 149580          0.125        1
 149585          0.125        1
 149590          0.119        1
 149595          0.120        1
 149600          0.120        1
 149605          0.120        1
 149610          0.125        1
 149615          0.123        1
 149620          0.120        1
 149625          0.128        1
 149630          0.132        1
 149635          0.134        1
 149640          0.137        1
 149645          0.134        1
 149650          0.126        1
 149655          0.129        1
 149660          0.136        1
 149665          0.132        1
 149670          0.128        1
 149675          0.126        1
 149680          0.129        1
 149685          0.128        1
 149690          0.126        1
 149695          0.129        1
 149700          0.134        1
 149705          0.136        1
 149710          0.129        1
 149715          0.128        1
 149720          0.132        1
 149725          0.137        1
 149730          0.134        1
 149735          0.126        1
 149740          0.128        1
 149745          0.137        1
 149750          0.134        1
 149755          0.139        1
 149760          0.142        1
 149765          0.137        1
 149770          0.132        1
 149775          0.136        1
 149780          0.134        1
 149785          0.132        1
 149790          0.126        1
 149795          0.122        1
 149800          0.119        1
 149805          0.120        1
 149810          0.125        1
 149815          0.120        1
 149820          0.126        1
 149825          0.126        1
 149830          0.125        1
 149835          0.131        1
 149840          0.131        1
 149845          0.132        1
 149850          0.139        1
 149855          0.134        1
 149860          0.126        1
 149865          0.126        1
 149870          0.137        1
 149875          0.129        1
 149880          0.132        1
 149885          0.139        1
 149890          0.136        1
 149895          0.136        1
 149900          0.128        1
 149905          0.131        1
 149910          0.137        1
 149915          0.140        1
 149920          0.139        1
 149925          0.131        1
 149930          0.132        1
 149935          0.126        1
 149940          0.137        1
 149945          0.136        1
 149950          0.129        1
 149955          0.126        1
 149960          0.132        1
 149965          0.132        1
 149970          0.134        1
 149975          0.132        1
 149980          0.126        1
 149985          0.126        1
 149990          0.125        1
 149995          0.125        1
 150000          0.139        1
 150005          0.137        1
 150010          0.132        1
 150015          0.128        1
 150020          0.137        1
 150025          0.128        1
 150030          0.140        1
 150035          0.142        1
 150040          0.139        1
 150045          0.134        1
 150050          0.140        1
 150055          0.136        1
 150060          0.129        1
 150065          0.137        1
 150070          0.134        1
 150075          0.123        1
 150080          0.128        1
 150085          0.126        1
 150090          0.136        1
 150095          0.126        1
 150100          0.128        1
 150105          0.126        1
 150110          0.129        1
 150115          0.126        1
 150120          0.132        1
 150125          0.129        1
 150130          0.132        1
 150135          0.129        1
 150140          0.129        1
 150145          0.126        1
 150150          0.125        1
 150155          0.125        1
 150160          0.129        1
 150165          0.126        1
 150170          0.131        1
 150175          0.129        1
 150180          0.128        1
 150185          0.131        1
 150190          0.131        1
 150195          0.137        1
 150200          0.137        1
 150205          0.131        1
 150210          0.125        1
 150215          0.123        1
 150220          0.123        1
 150225          0.129        1
 150230          0.129        1
 150235          0.123        1
 150240          0.122        1
 150245          0.129        1
 150250          0.129        1
 150255          0.131        1
 150260          0.131        1
 150265          0.129        1
 150270          0.131        1
 150275          0.125        1
 150280          0.129        1
 150285          0.128        1
 150290          0.129        1
 150295          0.134        1
 150300          0.132        1
 150305          0.136        1
 150310          0.131        1
 150315          0.134        1
 150320          0.137        1
 150325          0.132        1
 150330          0.129        1
 150335          0.131        1
 150340          0.131        1
 150345          0.134        1
 150350          0.132        1
 150355          0.128        1
 150360          0.126        1
 150365          0.137        1
 150370          0.137        1
 150375          0.131        1
 150380          0.134        1
 150385          0.129        1
 150390          0.129        1
 150395          0.129        1
 150400          0.125        1
 150405          0.129        1
 150410          0.132        1
 150415          0.132        1
 150420          0.136        1
 150425          0.139        1
 150430          0.137        1
 150435          0.136        1
 150440          0.143        1
 150445          0.146        1
 150450          0.154        1
 150455          0.159        1
 150460          0.149        1
 150465          0.154        1
 150470          0.149        1
 150475          0.145        1
 150480          0.136        1
 150485          0.139        1
 150490          0.131        1
 150495          0.136        1
 150500          0.139        1
 150505          0.140        1
 150510          0.145        1
 150515          0.140        1
 150520          0.134        1
 150525          0.132        1
 150530          0.132        1
 150535          0.128        1
 150540          0.125        1
 150545          0.126        1
 150550          0.139        1
 150555          0.137        1
 150560          0.123        1
 150565          0.132        1
 150570          0.128        1
 150575          0.132        1
 150580          0.134        1
 150585          0.134        1
 150590          0.128        1
 150595          0.134        1
 150600          0.131        1
 150605          0.129        1
 150610          0.132        1
 150615          0.131        1
 150620          0.126        1
 150625          0.132        1
 150630          0.128        1
 150635          0.131        1
 150640          0.132        1
 150645          0.128        1
 150650          0.132        1
 150655          0.134        1
 150660          0.128        1
 150665          0.129        1
 150670          0.136        1
 150675          0.142        1
 150680          0.145        1
 150685          0.140        1
 150690          0.142        1
 150695          0.143        1
 150700          0.139        1
 150705          0.142        1
 150710          0.129        1
 150715          0.122        1
 150720          0.142        1
 150725          0.142        1
 150730          0.136        1
 150735          0.137        1
 150740          0.128        1
 150745          0.129        1
 150750          0.132        1
 150755          0.128        1
 150760          0.123        1
 150765          0.120        1
 150770          0.129        1
 150775          0.136        1
 150780          0.137        1
 150785          0.129        1
 150790          0.131        1
 150795          0.131        1
 150800          0.129        1
 150805          0.129        1
 150810          0.125        1
 150815          0.126        1
 150820          0.126        1
 150825          0.128        1
 150830          0.128        1
 150835          0.128        1
 150840          0.134        1
 150845          0.125        1
 150850          0.128        1
 150855          0.126        1
 150860          0.126        1
 150865          0.125        1
 150870          0.132        1
 150875          0.131        1
 150880          0.139        1
 150885          0.134        1
 150890          0.126        1
 150895          0.126        1
 150900          0.126        1
 150905          0.132        1
 150910          0.126        1
 150915          0.136        1
 150920          0.139        1
 150925          0.143        1
 150930          0.148        1
 150935          0.145        1
 150940          0.143        1
 150945          0.136        1
 150950          0.134        1
 150955          0.131        1
 150960          0.125        1
 150965          0.131        1
 150970          0.137        1
 150975          0.134        1
 150980          0.131        1
 150985          0.126        1
 150990          0.131        1
 150995          0.131        1
 151000          0.132        1
 151005          0.129        1
 151010          0.117        1
 151015          0.106        1
 151020          0.129        1
 151025          0.125        1
 151030          0.129        1
 151035          0.132        1
 151040          0.132        1
 151045          0.139        1
 151050          0.132        1
 151055          0.129        1
 151060          0.134        1
 151065          0.126        1
 151070          0.131        1
 151075          0.132        1
 151080          0.142        1
 151085          0.146        1
 151090          0.137        1
 151095          0.139        1
 151100          0.137        1
 151105          0.140        1
 151110          0.140        1
 151115          0.139        1
 151120          0.132        1
 151125          0.139        1
 151130          0.149        1
 151135          0.146        1
 151140          0.145        1
 151145          0.140        1
 151150          0.139        1
 151155          0.142        1
 151160          0.140        1
 151165          0.125        1
 151170          0.126        1
 151175          0.120        1
 151180          0.120        1
 151185          0.126        1
 151190          0.132        1
 151195          0.129        1
 151200          0.129        1
 151205          0.123        1
 151210          0.116        1
 151215          0.122        1
 151220          0.117        1
 151225          0.119        1
 151230          0.120        1
 151235          0.122        1
 151240          0.123        1
 151245          0.123        1
 151250          0.128        1
 151255          0.131        1
 151260          0.132        1
 151265          0.125        1
 151270          0.128        1
 151275          0.128        1
 151280          0.125        1
 151285          0.131        1
 151290          0.126        1
 151295          0.120        1
 151300          0.120        1
 151305          0.119        1
 151310          0.120        1
 151315          0.126        1
 151320          0.125        1
 151325          0.131        1
 151330          0.128        1
 151335          0.123        1
 151340          0.129        1
 151345          0.137        1
 151350          0.125        1
 151355          0.122        1
 151360          0.123        1
 151365          0.129        1
 151370          0.131        1
 151375          0.134        1
 151380          0.123        1
 151385          0.105        1
 151390          0.102        1
 151395          0.117        1
 151400          0.123        1
 151405          0.122        1
 151410          0.128        1
 151415          0.129        1
 151420          0.122        1
 151425          0.122        1
 151430          0.116        1
 151435          0.131        1
 151440          0.128        1
 151445          0.123        1
 151450          0.122        1
 151455          0.117        1
 151460          0.128        1
 151465          0.122        1
 151470          0.134        1
 151475          0.137        1
 151480          0.136        1
 151485          0.139        1
 151490          0.143        1
 151495          0.129        1
 151500          0.137        1
 151505          0.137        1
 151510          0.136        1
 151515          0.136        1
 151520          0.132        1
 151525          0.131        1
 151530          0.126        1
 151535          0.129        1
 151540          0.125        1
 151545          0.128        1
 151550          0.129        1
 151555          0.136        1
 151560          0.136        1
 151565          0.137        1
 151570          0.136        1
 151575          0.142        1
 151580          0.136        1
 151585          0.134        1
 151590          0.131        1
 151595          0.134        1
 151600          0.128        1
 151605          0.129        1
 151610          0.132        1
 151615          0.126        1
 151620          0.125        1
 151625          0.126        1
 151630          0.128        1
 151635          0.131        1
 151640          0.125        1
 151645          0.125        1
 151650          0.126        1
 151655          0.125        1
 151660          0.125        1
 151665          0.125        1
 151670          0.128        1
 151675          0.125        1
 151680          0.126        1
 151685          0.125        1
 151690          0.125        1
 151695          0.129        1
 151700          0.132        1
 151705          0.126        1
 151710          0.123        1
 151715          0.126        1
 151720          0.126        1
 151725          0.129        1
 151730          0.125        1
 151735          0.126        1
 151740          0.142        1
 151745          0.142        1
 151750          0.126        1
 151755          0.120        1
 151760          0.119        1
 151765          0.123        1
 151770          0.120        1
 151775          0.114        1
 151780          0.122        1
 151785          0.126        1
 151790          0.125        1
 151795          0.125        1
 151800          0.125        1
 151805          0.129        1
 151810          0.119        1
 151815          0.123        1
 151820          0.125        1
 151825          0.134        1
 151830          0.132        1
 151835          0.123        1
 151840          0.125        1
 151845          0.125        1
 151850          0.131        1
 151855          0.125        1
 151860          0.136        1
 151865          0.123        1
 151870          0.122        1
 151875          0.129        1
 151880          0.123        1
 151885          0.132        1
 151890          0.140        1
 151895          0.145        1
 151900          0.132        1
 151905          0.123        1
 151910          0.122        1
 151915          0.126        1
 151920          0.128        1
 151925          0.126        1
 151930          0.125        1
 151935          0.126        1
 151940          0.128        1
 151945          0.119        1
 151950          0.131        1
 151955          0.132        1
 151960          0.140        1
 151965          0.131        1
 151970          0.139        1
 151975          0.140        1
 151980          0.137        1
 151985          0.131        1
 151990          0.126        1
 151995          0.129        1
 152000          0.126        1
 152005          0.128        1
 152010          0.129        1
 152015          0.123        1
 152020          0.123        1
 152025          0.123        1
 152030          0.117        1
 152035          0.122        1
 152040          0.122        1
 152045          0.126        1
 152050          0.123        1
 152055          0.139        1
 152060          0.134        1
 152065          0.128        1
 152070          0.131        1
 152075          0.123        1
 152080          0.131        1
 152085          0.134        1
 152090          0.132        1
 152095          0.126        1
 152100          0.123        1
 152105          0.125        1
 152110          0.125        1
 152115          0.129        1
 152120          0.122        1
 152125          0.134        1
 152130          0.140        1
 152135          0.140        1
 152140          0.139        1
 152145          0.137        1
 152150          0.131        1
 152155          0.128        1
 152160          0.123        1
 152165          0.137        1
 152170          0.128        1
 152175          0.131        1
 152180          0.131        1
 152185          0.122        1
 152190          0.122        1
 152195          0.125        1
 152200          0.128        1
 152205          0.131        1
 152210          0.136        1
 152215          0.134        1
 152220          0.128        1
 152225          0.128        1
 152230          0.128        1
 152235          0.140        1
 152240          0.139        1
 152245          0.126        1
 152250          0.126        1
 152255          0.129        1
 152260          0.132        1
 152265          0.129        1
 152270          0.131        1
 152275          0.132        1
 152280          0.128        1
 152285          0.128        1
 152290          0.128        1
 152295          0.134        1
 152300          0.134        1
 152305          0.122        1
 152310          0.122        1
 152315          0.122        1
 152320          0.128        1
 152325          0.128        1
 152330          0.140        1
 152335          0.132        1
 152340          0.126        1
 152345          0.128        1
 152350          0.131        1
 152355          0.128        1
 152360          0.128        1
 152365          0.139        1
 152370          0.140        1
 152375          0.131        1
 152380          0.128        1
 152385          0.128        1
 152390          0.126        1
 152395          0.129        1
 152400          0.126        1
 152405          0.120        1
 152410          0.120        1
 152415          0.126        1
 152420          0.126        1
 152425          0.126        1
 152430          0.132        1
 152435          0.131        1
 152440          0.139        1
 152445          0.131        1
 152450          0.134        1
 152455          0.129        1
 152460          0.129        1
 152465          0.125        1
 152470          0.132        1
 152475          0.126        1
 152480          0.126        1
 152485          0.140        1
 152490          0.128        1
 152495          0.120        1
 152500          0.128        1
 152505          0.131        1
 152510          0.128        1
 152515          0.123        1
 152520          0.123        1
 152525          0.125        1
 152530          0.131        1
 152535          0.134        1
 152540          0.120        1
 152545          0.119        1
 152550          0.122        1
 152555          0.123        1
 152560          0.125        1
 152565          0.122        1
 152570          0.132        1
 152575          0.136        1
 152580          0.129        1
 152585          0.123        1
 152590          0.120        1
 152595          0.126        1
 152600          0.142        1
 152605          0.140        1
 152610          0.142        1
 152615          0.145        1
 152620          0.136        1
 152625          0.139        1
 152630          0.145        1
 152635          0.143        1
 152640          0.142        1
 152645          0.136        1
 152650          0.139        1
 152655          0.132        1
 152660          0.131        1
 152665          0.125        1
 152670          0.126        1
 152675          0.134        1
 152680          0.134        1
 152685          0.137        1
 152690          0.126        1
 152695          0.132        1
 152700          0.132        1
 152705          0.129        1
 152710          0.126        1
 152715          0.125        1
 152720          0.137        1
 152725          0.129        1
 152730          0.139        1
 152735          0.139        1
 152740          0.136        1
 152745          0.132        1
 152750          0.132        1
 152755          0.125        1
 152760          0.126        1
 152765          0.126        1
 152770          0.123        1
 152775          0.126        1
 152780          0.131        1
 152785          0.125        1
 152790          0.125        1
 152795          0.132        1
 152800          0.142        1
 152805          0.160        1
 152810          0.160        1
 152815          0.169        1
 152820          0.166        1
 152825          0.177        1
 152830          0.173        1
 152835          0.174        1
 152840          0.173        1
 152845          0.166        1
 152850          0.168        1
 152855          0.168        1
 152860          0.156        1
 152865          0.143        1
 152870          0.145        1
 152875          0.134        1
 152880          0.132        1
 152885          0.140        1
 152890          0.134        1
 152895          0.117        1
 152900          0.125        1
 152905          0.123        1
 152910          0.125        1
 152915          0.136        1
 152920          0.129        1
 152925          0.134        1
 152930          0.126        1
 152935          0.126        1
 152940          0.132        1
 152945          0.125        1
 152950          0.126        1
 152955          0.123        1
 152960          0.125        1
 152965          0.126        1
 152970          0.126        1
 152975          0.126        1
 152980          0.119        1
 152985          0.120        1
 152990          0.131        1
 152995          0.128        1
 153000          0.134        1
 153005          0.136        1
 153010          0.134        1
 153015          0.122        1
 153020          0.128        1
 153025          0.122        1
 153030          0.125        1
 153035          0.125        1
 153040          0.137        1
 153045          0.145        1
 153050          0.151        1
 153055          0.154        1
 153060          0.169        1
 153065          0.163        1
 153070          0.153        1
 153075          0.129        1
 153080          0.120        1
 153085          0.117        1
 153090          0.122        1
 153095          0.129        1
 153100          0.143        1
 153105          0.120        1
 153110          0.122        1
 153115          0.125        1
 153120          0.129        1
 153125          0.142        1
 153130          0.126        1
 153135          0.120        1
 153140          0.120        1
 153145          0.132        1
 153150          0.136        1
 153155          0.145        1
 153160          0.145        1
 153165          0.146        1
 153170          0.148        1
 153175          0.128        1
 153180          0.122        1
 153185          0.131        1
 153190          0.136        1
 153195          0.139        1
 153200          0.136        1
 153205          0.139        1
 153210          0.142        1
 153215          0.134        1
 153220          0.140        1
 153225          0.145        1
 153230          0.153        1
 153235          0.166        1
 153240          0.176        1
 153245          0.177        1
 153250          0.171        1
 153255          0.171        1
 153260          0.176        1
 153265          0.177        1
 153270          0.180        1
 153275          0.171        1
 153280          0.169        1
 153285          0.169        1
 153290          0.176        1
 153295          0.168        1
 153300          0.168        1
 153305          0.166        1
 153310          0.166        1
 153315          0.173        1
 153320          0.176        1
 153325          0.168        1
 153330          0.176        1
 153335          0.180        1
 153340          0.182        1
 153345          0.173        1
 153350          0.165        1
 153355          0.171        1
 153360          0.166        1
 153365          0.159        1
 153370          0.140        1
 153375          0.140        1
 153380          0.143        1
 153385          0.140        1
 153390          0.140        1
 153395          0.128        1
 153400          0.123        1
 153405          0.128        1
 153410          0.136        1
 153415          0.137        1
 153420          0.134        1
 153425          0.142        1
 153430          0.142        1
 153435          0.142        1
 153440          0.142        1
 153445          0.134        1
 153450          0.134        1
 153455          0.139        1
 153460          0.137        1
 153465          0.140        1
 153470          0.142        1
 153475          0.146        1
 153480          0.142        1
 153485          0.136        1
 153490          0.142        1
 153495          0.142        1
 153500          0.140        1
 153505          0.126        1
 153510          0.120        1
 153515          0.117        1
 153520          0.122        1
 153525          0.120        1
 153530          0.106        1
 153535          0.117        1
 153540          0.129        1
 153545          0.140        1
 153550          0.148        1
 153555          0.151        1
 153560          0.168        1
 153565          0.176        1
 153570          0.169        1
 153575          0.166        1
 153580          0.160        1
 153585          0.149        1
 153590          0.142        1
 153595          0.145        1
 153600          0.142        1
 153605          0.148        1
 153610          0.154        1
 153615          0.154        1
 153620          0.149        1
 153625          0.165        1
 153630          0.166        1
 153635          0.165        1
 153640          0.160        1
 153645          0.162        1
 153650          0.156        1
 153655          0.154        1
 153660          0.157        1
 153665          0.153        1
 153670          0.159        1
 153675          0.159        1
 153680          0.160        1
 153685          0.157        1
 153690          0.160        1
 153695          0.160        1
 153700          0.154        1
 153705          0.156        1
 153710          0.154        1
 153715          0.156        1
 153720          0.156        1
 153725          0.159        1
 153730          0.163        1
 153735          0.163        1
 153740          0.165        1
 153745          0.149        1
 153750          0.139        1
 153755          0.151        1
 153760          0.136        1
 153765          0.117        1
 153770          0.132        1
 153775          0.136        1
 153780          0.131        1
 153785          0.125        1
 153790          0.126        1
 153795          0.132        1
 153800          0.132        1
 153805          0.125        1
 153810          0.134        1
 153815          0.126        1
 153820          0.120        1
 153825          0.129        1
 153830          0.129        1
 153835          0.136        1
 153840          0.131        1
 153845          0.131        1
 153850          0.128        1
 153855          0.140        1
 153860          0.142        1
 153865          0.148        1
 153870          0.146        1
 153875          0.160        1
 153880          0.146        1
 153885          0.134        1
 153890          0.134        1
 153895          0.139        1
 153900          0.140        1
 153905          0.134        1
 153910          0.129        1
 153915          0.143        1
 153920          0.136        1
 153925          0.134        1
 153930          0.134        1
 153935          0.134        1
 153940          0.136        1
 153945          0.140        1
 153950          0.142        1
 153955          0.146        1
 153960          0.140        1
 153965          0.137        1
 153970          0.139        1
 153975          0.136        1
 153980          0.145        1
 153985          0.129        1
 153990          0.137        1
 153995          0.132        1
 154000          0.140        1
 154005          0.148        1
 154010          0.136        1
 154015          0.129        1
 154020          0.149        1
 154025          0.151        1
 154030          0.145        1
 154035          0.148        1
 154040          0.151        1
 154045          0.166        1
 154050          0.171        1
 154055          0.160        1
 154060          0.148        1
 154065          0.143        1
 154070          0.160        1
 154075          0.166        1
 154080          0.149        1
 154085          0.153        1
 154090          0.149        1
 154095          0.142        1
 154100          0.148        1
 154105          0.151        1
 154110          0.142        1
 154115          0.140        1
 154120          0.142        1
 154125          0.139        1
 154130          0.134        1
 154135          0.137        1
 154140          0.143        1
 154145          0.145        1
 154150          0.139        1
 154155          0.131        1
 154160          0.136        1
 154165          0.132        1
 154170          0.132        1
 154175          0.134        1
 154180          0.129        1
 154185          0.129        1
 154190          0.129        1
 154195          0.140        1
 154200          0.137        1
 154205          0.146        1
 154210          0.146        1
 154215          0.142        1
 154220          0.145        1
 154225          0.143        1
 154230          0.139        1
 154235          0.146        1
 154240          0.145        1
 154245          0.140        1
 154250          0.131        1
 154255          0.136        1
 154260          0.134        1
 154265          0.137        1
 154270          0.128        1
 154275          0.126        1
 154280          0.134        1
 154285          0.139        1
 154290          0.139        1
 154295          0.143        1
 154300          0.140        1
 154305          0.136        1
 154310          0.139        1
 154315          0.129        1
 154320          0.132        1
 154325          0.123        1
 154330          0.126        1
 154335          0.126        1
 154340          0.132        1
 154345          0.120        1
 154350          0.125        1
 154355          0.126        1
 154360          0.108        1
 154365          0.136        1
 154370          0.139        1
 154375          0.139        1
 154380          0.139        1
 154385          0.134        1
 154390          0.122        1
 154395          0.119        1
 154400          0.125        1
 154405          0.131        1
 154410          0.136        1
 154415          0.131        1
 154420          0.125        1
 154425          0.125        1
 154430          0.119        1
 154435          0.119        1
 154440          0.128        1
 154445          0.112        1
 154450          0.117        1
 154455          0.111        1
 154460          0.120        1
 154465          0.120        1
 154470          0.126        1
 154475          0.128        1
 154480          0.123        1
 154485          0.126        1
 154490          0.128        1
 154495          0.134        1
 154500          0.125        1
 154505          0.125        1
 154510          0.125        1
 154515          0.128        1
 154520          0.134        1
 154525          0.132        1
 154530          0.117        1
 154535          0.128        1
 154540          0.131        1
 154545          0.131        1
 154550          0.128        1
 154555          0.136        1
 154560          0.140        1
 154565          0.154        1
 154570          0.185        1
 154575          0.214        1
 154580          0.234        1
 154585          0.199        1
 154590          0.185        1
 154595          0.186        1
 154600          0.173        1
 154605          0.188        1
 154610          0.173        1
 154615          0.173        1
 154620          0.166        1
 154625          0.169        1
 154630          0.174        1
 154635          0.173        1
 154640          0.162        1
 154645          0.162        1
 154650          0.168        1
 154655          0.162        1
 154660          0.159        1
 154665          0.157        1
 154670          0.168        1
 154675          0.173        1
 154680          0.182        1
 154685          0.176        1
 154690          0.173        1
 154695          0.177        1
 154700          0.182        1
 154705          0.174        1
 154710          0.176        1
 154715          0.177        1
 154720          0.182        1
 154725          0.185        1
 154730          0.188        1
 154735          0.185        1
 154740          0.188        1
 154745          0.194        1
 154750          0.166        1
 154755          0.173        1
 154760          0.162        1
 154765          0.173        1
 154770          0.179        1
 154775          0.176        1
 154780          0.173        1
 154785          0.179        1
 154790          0.179        1
 154795          0.183        1
 154800          0.174        1
 154805          0.176        1
 154810          0.180        1
 154815          0.179        1
 154820          0.176        1
 154825          0.176        1
 154830          0.174        1
 154835          0.179        1
 154840          0.166        1
 154845          0.160        1
 154850          0.149        1
 154855          0.137        1
 154860          0.139        1
 154865          0.142        1
 154870          0.142        1
 154875          0.153        1
 154880          0.156        1
 154885          0.142        1
 154890          0.143        1
 154895          0.145        1
 154900          0.149        1
 154905          0.143        1
 154910          0.139        1
 154915          0.151        1
 154920          0.149        1
 154925          0.168        1
 154930          0.162        1
 154935          0.165        1
 154940          0.157        1
 154945          0.145        1
 154950          0.149        1
 154955          0.160        1
 154960          0.160        1
 154965          0.176        1
 154970          0.168        1
 154975          0.153        1
 154980          0.145        1
 154985          0.134        1
 154990          0.128        1
 154995          0.134        1
 155000          0.140        1
 155005          0.132        1
 155010          0.131        1
 155015          0.140        1
 155020          0.134        1
 155025          0.132        1
 155030          0.129        1
 155035          0.131        1
 155040          0.129        1
 155045          0.131        1
 155050          0.132        1
 155055          0.125        1
 155060          0.126        1
 155065          0.129        1
 155070          0.131        1
 155075          0.131        1
 155080          0.137        1
 155085          0.131        1
 155090          0.137        1
 155095          0.136        1
 155100          0.139        1
 155105          0.139        1
 155110          0.137        1
 155115          0.140        1
 155120          0.137        1
 155125          0.136        1
 155130          0.134        1
 155135          0.134        1
 155140          0.134        1
 155145          0.134        1
 155150          0.132        1
 155155          0.131        1
 155160          0.134        1
 155165          0.137        1
 155170          0.129        1
 155175          0.131        1
 155180          0.136        1
 155185          0.136        1
 155190          0.139        1
 155195          0.134        1
 155200          0.139        1
 155205          0.140        1
 155210          0.143        1
 155215          0.139        1
 155220          0.137        1
 155225          0.140        1
 155230          0.139        1
 155235          0.136        1
 155240          0.134        1
 155245          0.137        1
 155250          0.137        1
 155255          0.131        1
 155260          0.123        1
 155265          0.132        1
 155270          0.131        1
 155275          0.142        1
 155280          0.166        1
 155285          0.188        1
 155290          0.156        1
 155295          0.146        1
 155300          0.145        1
 155305          0.137        1
 155310          0.142        1
 155315          0.139        1
 155320          0.131        1
 155325          0.132        1
 155330          0.129        1
 155335          0.123        1
 155340          0.120        1
 155345          0.119        1
 155350          0.122        1
 155355          0.129        1
 155360          0.137        1
 155365          0.129        1
 155370          0.134        1
 155375          0.131        1
 155380          0.128        1
 155385          0.132        1
 155390          0.134        1
 155395          0.131        1
 155400          0.129        1
 155405          0.126        1
 155410          0.126        1
 155415          0.120        1
 155420          0.120        1
 155425          0.125        1
 155430          0.128        1
 155435          0.128        1
 155440          0.120        1
 155445          0.109        1
 155450          0.109        1
 155455          0.126        1
 155460          0.120        1
 155465          0.122        1
 155470          0.123        1
 155475          0.125        1
 155480          0.137        1
 155485          0.131        1
 155490          0.129        1
 155495          0.129        1
 155500          0.139        1
 155505          0.140        1
 155510          0.140        1
 155515          0.132        1
 155520          0.132        1
 155525          0.139        1
 155530          0.137        1
 155535          0.136        1
 155540          0.136        1
 155545          0.140        1
 155550          0.136        1
 155555          0.134        1
 155560          0.139        1
 155565          0.142        1
 155570          0.145        1
 155575          0.145        1
 155580          0.131        1
 155585          0.136        1
 155590          0.140        1
 155595          0.132        1
 155600          0.132        1
 155605          0.129        1
 155610          0.128        1
 155615          0.125        1
 155620          0.122        1
 155625          0.119        1
 155630          0.122        1
 155635          0.120        1
 155640          0.122        1
 155645          0.120        1
 155650          0.123        1
 155655          0.122        1
 155660          0.119        1
 155665          0.114        1
 155670          0.122        1
 155675          0.125        1
 155680          0.123        1
 155685          0.125        1
 155690          0.120        1
 155695          0.122        1
 155700          0.125        1
 155705          0.128        1
 155710          0.131        1
 155715          0.125        1
 155720          0.125        1
 155725          0.126        1
 155730          0.132        1
 155735          0.131        1
 155740          0.134        1
 155745          0.132        1
 155750          0.129        1
 155755          0.139        1
 155760          0.140        1
 155765          0.137        1
 155770          0.139        1
 155775          0.139        1
 155780          0.137        1
 155785          0.139        1
 155790          0.145        1
 155795          0.143        1
 155800          0.154        1
 155805          0.148        1
 155810          0.146        1
 155815          0.136        1
 155820          0.142        1
 155825          0.137        1
 155830          0.137        1
 155835          0.136        1
 155840          0.148        1
 155845          0.142        1
 155850          0.139        1
 155855          0.140        1
 155860          0.140        1
 155865          0.134        1
 155870          0.143        1
 155875          0.140        1
 155880          0.134        1
 155885          0.123        1
 155890          0.128        1
 155895          0.131        1
 155900          0.129        1
 155905          0.128        1
 155910          0.129        1
 155915          0.129        1
 155920          0.129        1
 155925          0.139        1
 155930          0.139        1
 155935          0.131        1
 155940          0.136        1
 155945          0.134        1
 155950          0.143        1
 155955          0.139        1
 155960          0.132        1
 155965          0.132        1
 155970          0.134        1
 155975          0.139        1
 155980          0.137        1
 155985          0.139        1
 155990          0.137        1
 155995          0.136        1
 156000          0.134        1
 156005          0.132        1
 156010          0.131        1
 156015          0.139        1
 156020          0.136        1
 156025          0.131        1
 156030          0.129        1
 156035          0.129        1
 156040          0.123        1
 156045          0.122        1
 156050          0.131        1
 156055          0.134        1
 156060          0.129        1
 156065          0.128        1
 156070          0.123        1
 156075          0.123        1
 156080          0.123        1
 156085          0.123        1
 156090          0.131        1
 156095          0.131        1
 156100          0.131        1
 156105          0.132        1
 156110          0.131        1
 156115          0.129        1
 156120          0.126        1
 156125          0.128        1
 156130          0.131        1
 156135          0.137        1
 156140          0.136        1
 156145          0.126        1
 156150          0.114        1
 156155          0.125        1
 156160          0.125        1
 156165          0.128        1
 156170          0.139        1
 156175          0.139        1
 156180          0.132        1
 156185          0.140        1
 156190          0.136        1
 156195          0.139        1
 156200          0.134        1
 156205          0.134        1
 156210          0.136        1
 156215          0.134        1
 156220          0.140        1
 156225          0.140        1
 156230          0.134        1
 156235          0.132        1
 156240          0.129        1
 156245          0.123        1
 156250          0.123        1
 156255          0.136        1
 156260          0.129        1
 156265          0.132        1
 156270          0.132        1
 156275          0.125        1
 156280          0.119        1
 156285          0.114        1
 156290          0.125        1
 156295          0.134        1
 156300          0.145        1
 156305          0.145        1
 156310          0.136        1
 156315          0.140        1
 156320          0.132        1
 156325          0.140        1
 156330          0.140        1
 156335          0.134        1
 156340          0.134        1
 156345          0.134        1
 156350          0.134        1
 156355          0.134        1
 156360          0.140        1
 156365          0.137        1
 156370          0.128        1
 156375          0.136        1
 156380          0.134        1
 156385          0.134        1
 156390          0.128        1
 156395          0.122        1
 156400          0.119        1
 156405          0.122        1
 156410          0.122        1
 156415          0.116        1
 156420          0.120        1
 156425          0.129        1
 156430          0.122        1
 156435          0.120        1
 156440          0.112        1
 156445          0.116        1
 156450          0.117        1
 156455          0.116        1
 156460          0.116        1
 156465          0.114        1
 156470          0.116        1
 156475          0.117        1
 156480          0.122        1
 156485          0.126        1
 156490          0.137        1
 156495          0.139        1
 156500          0.132        1
 156505          0.131        1
 156510          0.134        1
 156515          0.131        1
 156520          0.125        1
 156525          0.119        1
 156530          0.120        1
 156535          0.112        1
 156540          0.123        1
 156545          0.122        1
 156550          0.122        1
 156555          0.116        1
 156560          0.122        1
 156565          0.125        1
 156570          0.122        1
 156575          0.114        1
 156580          0.116        1
 156585          0.122        1
 156590          0.120        1
 156595          0.125        1
 156600          0.123        1
 156605          0.122        1
 156610          0.125        1
 156615          0.119        1
 156620          0.112        1
 156625          0.116        1
 156630          0.114        1
 156635          0.116        1
 156640          0.116        1
 156645          0.109        1
 156650          0.116        1
 156655          0.125        1
 156660          0.134        1
 156665          0.131        1
 156670          0.134        1
 156675          0.132        1
 156680          0.132        1
 156685          0.136        1
 156690          0.126        1
 156695          0.122        1
 156700          0.126        1
 156705          0.120        1
 156710          0.125        1
 156715          0.122        1
 156720          0.122        1
 156725          0.132        1
 156730          0.125        1
 156735          0.119        1
 156740          0.129        1
 156745          0.140        1
 156750          0.136        1
 156755          0.129        1
 156760          0.120        1
 156765          0.132        1
 156770          0.132        1
 156775          0.125        1
 156780          0.123        1
 156785          0.126        1
 156790          0.126        1
 156795          0.123        1
 156800          0.131        1
 156805          0.132        1
 156810          0.129        1
 156815          0.132        1
 156820          0.128        1
 156825          0.139        1
 156830          0.163        1
 156835          0.191        1
 156840          0.163        1
 156845          0.163        1
 156850          0.169        1
 156855          0.165        1
 156860          0.171        1
 156865          0.163        1
 156870          0.165        1
 156875          0.176        1
 156880          0.177        1
 156885          0.174        1
 156890          0.169        1
 156895          0.176        1
 156900          0.174        1
 156905          0.174        1
 156910          0.176        1
 156915          0.159        1
 156920          0.169        1
 156925          0.168        1
 156930          0.171        1
 156935          0.176        1
 156940          0.171        1
 156945          0.179        1
 156950          0.176        1
 156955          0.169        1
 156960          0.171        1
 156965          0.166        1
 156970          0.173        1
 156975          0.169        1
 156980          0.176        1
 156985          0.179        1
 156990          0.188        1
 156995          0.194        1
 157000          0.191        1
 157005          0.186        1
 157010          0.188        1
 157015          0.188        1
 157020          0.186        1
 157025          0.183        1
 157030          0.182        1
 157035          0.180        1
 157040          0.176        1
 157045          0.163        1
 157050          0.166        1
 157055          0.160        1
 157060          0.176        1
 157061          0.176      201
